cameraMatrix =  [[394.45713373   0.         384.95840575]
 [  0.         365.05533461 252.28729458]
 [  0.           0.           1.        ]]
distCoeffs =  [[ 0.14272302 -0.59993402  0.01238396  0.01503453  2.69553701]]

cameraMatrix =  [[520.13101017   0.         321.27153251]
 [  0.         485.47064075 243.29295774]
 [  0.           0.           1.        ]]


 cameraMatrix =  [[436.77391029   0.         331.60710845]
 [  0.         406.78286616 243.37721809]
 [  0.           0.           1.        ]]

 cameraMatrix =  [[519.27057518   0.         332.91436585]
 [  0.         480.36976033 208.0211756 ]
 [  0.           0.           1.        ]]

 cameraMatrix =  [[505.82111364   0.         317.58107249]
 [  0.         473.76129457 244.19435654]
 [  0.           0.           1.        ]]

 cameraMatrix =  [[539.09173765   0.         312.30788275]
 [  0.         503.30900949 225.51890671]
 [  0.           0.           1.        ]]